Homes:
  main:
    X: -643.9573257171816
    Y: 90.0625
    Z: 58.64826240758147
    Yaw: 41.127193
    Pitch: 5.530358
    World: world
