Homes:
  main:
    X: -652.2122915590943
    Y: 86.0
    Z: 59.34789655537519
    Yaw: 73.64993
    Pitch: 17.249977
    World: world
