Homes:
  main:
    X: 53.010387990160666
    Y: 58.0
    Z: 10.268876336875206
    Yaw: -144.46413
    Pitch: 20.84991
    World: world_the_end
