Homes:
  main:
    X: -653.1757729992163
    Y: 80.0
    Z: 52.094123658291274
    Yaw: -171.75002
    Pitch: 30.150032
    World: world
