Homes:
  main:
    X: -157.58759799077166
    Y: 56.0
    Z: -46.841912800990954
    Yaw: -171.81136
    Pitch: 27.060514
    World: world_nether
